69,1
69,3
64,5
64,1
64,3
14,9
90,35
10,208
10,82
10,180
10,70
10,232
10,218
10,156
10,238
11,26
11,24
11,14
11,20
11,28
11,19
11,27
9,6
9,4
8,12
8,9
8,4
8,16
8,6
88,5
88,4
88,3
88,2
88,1
88,0
85,4
85,3
85,2
85,1
85,0
84,9
13,1
13,3
84,8
84,7
84,6
84,5
84,4
84,3
84,2
84,1
84,0
2,2
2,1
2,3
80,6
80,5
80,4
80,3
80,2
80,1
80,0
79,4
79,3
79,2
79,1
79,0
75,5
75,4
75,3
75,2
75,1
75,0
73,1
73,4
49,4
49,3
49,1
48,4
48,1
46,4
46,3
46,1
38,6
38,5
38,4
38,3
38,2
38,1
34,4
34,3
34,1
33,4
33,3
33,1
32,7
32,6
32,4
32,3
32,1
24,3
24,1
20,3
20,2
20,1
19,3
19,2
19,1
18,3
18,1
14,5
14,1
14,4
14,3
12,3
12,2
12,1
11,25
11,22
11,11
